排名靠前的网页,点击次数,展示,点击率,排名
https://linkdolls.com/collections/flat-chest-sex-doll,163,1031,15.81%,9.66