排名靠前的网页,点击次数,展示,点击率,排名
https://linkdolls.com/collections/femboys-sex-doll,346,2962,11.68%,5.04
https://linkdolls.com/collections/femboys-sex-doll?page=6,1,5,20%,7.4
https://linkdolls.com/collections/femboys-sex-doll?page=3,0,17,0%,16.35
https://linkdolls.com/collections/femboys-sex-doll?page=4,0,6,0%,15.83
https://linkdolls.com/en-fi/collections/femboys-sex-doll?page=3,0,1,0%,2
https://linkdolls.com/en-fi/collections/femboys-sex-doll,0,1,0%,7