排名靠前的网页,点击次数,展示,点击率,排名
https://linkdolls.com/collections/black-sex-dolls,269,2339,11.5%,6.24